ID|Product|Weight|Unit|43610|43951|43952|43953|43954|43956|43957|43958|43959|43960|43961|43962|43963|43966|43967|43968|43969|43970|43972|43973|43974|43975|43976|43977|43978|Total
125|Biscuit Assotment - 05/03/2013|.5|10|0|0|0|0|0|0|0|0|0|1|0|0|0|0|0|0|0|0|0|0|0|0|0|0|0|1|
41|Cheesebits - FEB-24|.245|10|0|0|0|0|0|0|0|0|0|0|0|0|0|0|0|0|0|0|0|0|0|0|0|0|0|0|
124|Cheese bits - MAY-2|.17|15|3|0|0|0|0|0|0|0|0|0|0|0|0|0|0|0|0|0|0|0|0|0|0|0|0|3|
62|Cheesebits - APR-19|.025|60|0|0|0|0|0|0|0|0|0|0|0|0|0|0|0|0|10|0|0|0|0|0|0|0|0|10|
61|Gift Selection - APR-2|.4|10|4|3|0|0|0|0|0|0|3|0|0|3|3|6|0|3|0|0|10|0|0|0|10|0|0|45|
137|Gold Mari -|.08|60|0|0|0|0|0|0|0|0|0|0|0|0|0|0|0|0|0|0|0|0|0|0|0|0|0|0|
123|Bran Cracker - MAY-1|.14|40|0|0|0|0|0|0|0|0|0|0|0|0|0|0|0|0|0|0|0|0|0|0|0|0|0|0|
44|Chocolate Cream - FEB-24|.5|4|0|8|0|0|0|0|4|0|0|0|4|4|4|0|0|0|0|0|80|0|4|0|12|0|0|120|
45|Custard Cream - FEB-24|.1|50|0|0|0|0|0|0|0|3|0|0|0|0|0|0|0|0|0|0|0|6|0|0|0|0|0|9|
47|Chickbits - FEB-24|.28|10|0|0|0|0|0|0|0|0|0|0|0|0|0|0|0|0|0|0|0|0|0|0|0|0|0|0|
48|Chickbits - FEB-24|.08|40|0|0|0|0|0|0|0|0|6|0|0|0|0|0|0|0|0|0|40|0|0|0|0|0|0|46|
49|Chickbits - FEB-24|.03|60|0|0|0|0|10|0|0|0|60|0|0|0|0|0|0|0|20|10|60|0|0|0|18|0|0|178|
50|Chickbits - FEB-24|.17|15|0|0|0|0|0|0|0|0|0|0|0|0|0|0|0|0|0|0|0|0|0|0|0|0|0|0|
51|Gingernut - FEB-24|.08|50|0|0|0|0|0|0|0|0|12|0|6|0|3|0|0|0|0|0|50|0|0|0|0|0|0|71|
52|Gingernut - FEB-24|.24|24|0|0|0|0|0|0|0|0|0|0|0|0|0|0|0|0|0|0|24|0|0|0|0|0|0|24|
53|Millk Short Cake - FEB-24|.08|50|0|0|0|0|0|0|0|0|0|0|0|0|3|0|0|0|0|0|0|0|0|0|0|0|0|3|
54|Snackers-Cheese & Chille - FEB-24|.04|40|10|0|0|0|0|0|0|0|0|10|0|0|10|0|0|0|10|0|0|0|0|0|10|0|0|50|
55|Snackers- Masala - FEB-24|.04|40|0|0|0|0|0|0|0|0|0|0|0|0|10|0|0|0|10|0|0|10|10|0|10|0|0|50|
56|Snackers- Spicy - FEB-24|.04|40|0|0|0|0|0|0|0|0|0|10|0|0|0|0|0|0|10|0|0|0|10|0|10|0|0|40|
57|Custard Cream - FEB-24|.5|4|0|4|0|0|0|0|0|0|0|0|4|0|0|0|0|0|0|0|20|0|0|0|0|0|1|29|
37|Nice - FEB-24|.38|4|0|12|0|0|0|0|0|0|0|0|4|0|0|0|0|0|0|0|0|0|4|0|12|0|0|32|
60|Sorties - FEB-24|.325|4|0|0|0|0|0|0|0|0|4|0|4|0|0|0|4|0|0|0|0|0|4|0|0|0|0|16|
73|Gift Selection - FEB-24|.4|10|0|0|0|0|0|0|0|0|0|10|0|0|0|0|0|0|0|0|0|0|0|0|0|0|0|10|
66|Vegi Cracker - FEB-24|.065|50|0|0|0|0|0|0|0|0|0|0|0|0|0|0|0|0|0|0|0|0|0|0|0|0|0|0|
63|Kisco Bite - FEB-24|.03|60|0|0|0|0|10|0|10|0|0|0|0|0|10|0|0|0|10|0|0|0|0|0|20|0|0|60|
64|Light Marie - FEB-24|.07|60|0|0|0|0|0|0|0|0|0|0|0|0|0|0|0|0|0|0|0|0|0|0|0|0|0|0|
65|Light Marie - FEB-24|.28|6|0|0|0|0|0|0|0|0|0|0|0|0|0|0|0|0|0|0|0|0|0|0|0|0|0|0|
67|Goold Marie - FEB-24|.32|4|0|0|0|0|0|0|0|0|0|0|0|0|0|0|0|0|0|0|0|0|0|0|0|0|0|0|
68|Gem - FEB-24|.1|50|0|0|0|0|0|0|0|0|0|0|0|0|0|0|0|0|0|0|0|0|0|0|0|0|0|0|
69|Gem - FEB-24|.03|60|0|0|0|0|0|0|0|0|0|0|0|0|0|0|0|0|0|0|0|0|0|0|0|0|0|0|
71|Wafers Chocolate - FEB-24|.1|20|0|0|0|0|0|0|0|0|0|0|0|0|0|0|0|0|0|0|40|0|0|0|0|0|0|40|
72|Wafers Vanila - FEB-24|.1|20|0|0|0|0|0|0|0|0|0|0|0|0|0|6|0|0|0|0|40|0|0|0|0|0|0|46|
76|Premium Marie - FEB-24|.07|60|0|0|0|0|0|0|0|0|0|0|0|0|0|0|0|0|0|0|0|0|0|0|0|0|0|0|
74|Chocolate Cream Marie - FEB-24|.065|22|0|0|0|0|0|0|0|0|24|0|24|0|6|0|0|12|0|0|0|0|0|0|24|0|0|90|
110|Spicy Cracker - MAR-30|.15|30|0|0|0|0|0|0|0|0|0|0|0|0|0|0|0|0|0|0|0|0|0|0|0|0|0|0|
121|Cheese Puff - MAR-30|.2|30|0|0|0|0|0|0|0|0|0|0|0|0|0|0|0|0|0|0|0|0|0|0|0|0|0|0|
111|Spicy Cracker - MAR-30|.075|30|0|0|0|0|0|0|0|0|0|0|0|0|0|0|0|0|0|0|0|0|0|0|0|0|0|0|
32|Cheese Puff - MAR-30|.1|30|0|0|0|0|0|0|0|0|0|0|0|0|0|0|0|0|0|0|0|0|0|0|0|0|0|0|
126|Cheesebits - MAY-3|.17|15|0|0|0|0|0|0|0|0|0|0|0|0|0|0|0|0|0|0|0|0|0|0|0|0|0|0|
46|Orange Cream|.1|50|0|0|0|0|0|0|0|0|0|0|0|0|3|0|0|0|0|0|0|0|0|0|0|0|0|3|
21|Goold Marie - FEB-24|.08|60|0|0|0|12|0|50|0|0|30|0|0|0|0|0|0|0|0|0|0|6|0|0|0|0|0|98|
22|Chocolate Cream - FEB-24|.1|50|12|0|0|0|12|0|6|0|0|0|12|0|6|0|0|0|50|6|100|12|0|0|0|0|0|216|
23|Cream Cracker - FEB-24|.125|48|0|0|0|0|0|0|0|12|0|0|15|0|0|6|0|0|12|3|48|0|0|0|0|0|2|98|
24|Cream Cracker - FEB-24|.19|40|0|0|0|6|0|0|0|0|0|0|20|0|6|6|0|0|0|3|40|0|6|0|0|0|0|87|
25|Cream Cracker - FEB-24|.33|8|0|0|0|0|0|0|0|4|0|0|8|0|0|0|0|0|0|0|0|0|0|0|0|0|0|12|
26|Cream Cracker - FEB-24|.5|8|0|0|0|0|0|0|0|4|0|0|40|4|4|0|3|0|8|0|240|0|4|0|0|0|0|307|
27|Lemon puff - FEB-24|.1|30|0|0|0|0|0|0|0|0|0|0|0|0|0|0|0|0|0|0|0|0|0|0|0|0|0|0|
28|Lemon Puff - FEB-24|.2|30|0|0|0|6|0|0|0|6|0|0|0|0|6|0|3|0|0|0|0|0|6|0|0|0|0|27|
29|Mango Puff - FEB-24|.1|30|0|0|0|0|0|0|0|0|0|0|0|0|0|0|0|0|0|0|0|0|0|0|0|0|0|0|
30|Mango Puff - FEB-24|.2|30|0|0|0|0|0|0|0|0|0|0|0|0|0|0|0|0|0|0|0|0|0|0|0|0|0|0|
112|Cheese Puff - FEB-24|.2|30|0|0|0|0|0|0|0|0|0|0|0|0|0|0|0|0|0|0|0|0|0|0|0|0|0|0|
31|Cheese Puff - FEB-24|.1|30|0|0|0|0|0|0|0|0|0|0|0|0|0|0|0|0|0|0|0|0|0|0|0|0|0|0|
33|Sorties - FEB-24|.065|60|0|0|0|0|0|0|0|0|0|0|0|0|0|0|0|0|0|0|0|0|0|0|0|0|0|0|
34|Njce - FEB-24|.1|50|0|0|0|0|0|0|0|0|0|0|0|0|0|0|0|0|0|0|0|0|0|0|0|0|0|0|
35|Hawaiian Cookies - FEB-24|.1|30|0|0|0|0|0|0|0|0|0|0|0|0|0|0|0|0|0|0|0|0|0|0|0|0|0|0|
36|Hawaiian Cookies - FEB-24|.2|24|0|0|0|0|0|0|0|0|0|0|0|0|0|0|0|0|0|0|0|0|0|0|0|0|0|0|
38|Bran Cracker - FEB-24|.21|24|0|0|0|0|0|0|0|0|0|0|0|0|0|0|0|0|0|0|0|0|0|0|6|0|0|6|
39|Cheesebits - FEB-24|.08|25|0|0|0|0|0|0|0|0|0|0|0|0|0|0|0|0|0|0|25|0|0|0|0|0|0|25|
40|Cheesebits - FEB-24|.17|15|0|0|0|0|0|0|0|0|0|0|0|0|0|0|0|0|0|0|0|0|0|0|0|0|0|0|
42|Krisco - FEB-24|.17|15|6|0|0|3|0|0|0|3|3|6|6|3|3|6|0|0|6|0|0|0|0|3|15|0|0|63|
43|Kisco - FEB-24|.215|10|0|0|0|0|0|0|2|0|0|6|6|3|3|6|0|0|6|0|10|0|0|3|10|0|0|55|
59|Classsique  B Assortme - MAR-31|.5|10|0|0|0|0|0|0|0|0|0|0|0|0|0|0|0|0|0|0|0|0|0|0|0|0|0|0|
58|Orenge Cream - MAR-31|.5|4|0|4|0|0|0|0|0|0|0|0|4|0|0|0|0|0|0|0|0|0|0|0|0|0|0|8|
75|Nice 2kg - FEB-27|2|1|0|0|0|0|0|0|0|0|0|0|0|0|0|0|0|0|0|0|0|0|0|0|0|0|0|0|
70|Glucomalt - APR-20|.09|30|0|0|0|0|0|0|0|0|0|0|0|0|0|0|0|0|0|0|0|0|0|0|0|0|0|0|
127|Classic Bis Asst - MAY-13|.5|10|0|0|0|0|0|0|0|0|0|0|0|0|0|0|0|0|0|0|0|0|0|0|0|0|0|0|
128|Chickbit - MAY-13|.28|10|0|0|0|0|0|0|0|0|0|0|0|0|0|0|0|0|0|0|0|0|0|0|0|0|0|0|
129|Cheese Bits - MAY-13|.245|10|0|0|0|0|0|0|0|0|0|0|0|0|0|0|0|0|0|0|0|0|0|0|0|0|0|0|
130|Krisco - MAY-13|.215|10|0|0|0|0|0|0|0|0|0|0|0|0|0|0|0|0|0|0|0|0|0|0|0|0|0|0|
131|Lemon Puff - MAY-13|.2|30|0|0|0|0|0|0|0|0|0|0|0|0|0|0|0|0|0|0|0|0|0|0|0|0|0|0|
132|Chickbit - MAY-13|.03|60|0|0|0|0|0|0|0|0|0|0|0|0|0|0|0|0|0|0|0|0|0|0|0|0|0|0|
133|Krisco Bites - MAY-13|.03|60|0|0|0|0|0|0|0|0|0|0|0|0|0|0|0|0|0|0|0|0|0|0|0|0|0|0|
134|Cheese Bits - MAY-13|.08|25|0|0|0|0|0|0|0|0|0|0|0|0|0|0|0|0|0|0|0|0|0|0|0|0|0|0|
135|Cheese Bits - MAY-13|.17|15|0|0|0|0|0|0|0|0|0|0|0|0|0|0|0|0|0|0|0|0|0|0|0|0|0|0|
140|Test1 - 05/25/2013 00:00:00.000|.2|4|0|0|0|0|0|0|0|0|0|0|0|0|0|0|0|0|0|0|0|0|0|0|0|0|0|0|
141|Test2 - 05/25/2013|.34|5|0|0|0|0|0|0|0|0|0|0|0|0|0|0|0|0|0|0|0|0|0|0|0|0|0|0|
142|Test2 - 01/06/2013|.34|5|0|0|0|0|0|0|0|0|0|0|0|0|0|0|0|0|0|0|0|0|0|0|0|0|0|0|
